11111010 11001110 10000010 00000000
11111010 11001110 10000010 00000010
00000000 00000000 00000100 00101010
00100010 00000010 01101001 10011101
00000100 11100000 01001001 10110010
01110010 01010000 10011010 11000010
01000110 10010011 00100011 11011000
10100001 00010100 10100010 11010010
00100100 01000100 11100010 01000000
10001010 11100010 00100100 10110000
00001000 10001100 10111010 01010011
11100101 01100000 01011001 00010110
01001010 11111010 01011100 00011000
00000100 10111100 10001111 11010001
00001010 00100110 01011101 10110111
00001100 01010101 00101000 11001000
11110011 00001000 01001101 10001001
10100010 00101100 00000100 10000101
00101001 01001001 00101001 00001101
00100111 10100100 10101001 00101101
00011101 01000101 11001001 11010110
01101101 01001100 10100001 00011100
11000110 11001000 11100001 00101010
10100100 10000100 10111011 00101101
10010001 10100100 01101010 10010100
11100111 01111001 11001100 00010011
00010100 01100010 10011110 01010001
10011010 01010100 10010001 01010011
00100100 11000110 10000010 10100111
00100000 10011001 10100110 01111000
11000010 01101111 00000010 00101111
10010101 11100011 10111001 00000100
00010010 11001100 10110101 00101011
01001111 01010010 00100100 01101110
10001100 10001000 10010100 10011010
10100111 00