11111010 11001110 10000010 00000000
11111010 11001110 10000010 00000001
00000000 00000000 00000000 00000000
00000000 00000000 00000000 00000000
00000000 00000000 00000000 00000000
00000000 00000000 00000000 00000000
00000000 00000000 00000000 00000000
00000000 00000000 00000000 00000000
00000000 00000000 00000000 00000000
00000000 00000000 00000000 00000000
00000000 00000000 00000000 00000000
00000000 00000000 00000000 00000000
00000000 00000110 00000011 01111110
00000000 00000000 00000000 00000000
00000000 00000000 00000000 00000000
00000000 00000000 00000000 00000000
00000000 00000000 00000000 00000000
00000000 00000000 00000000 00000000
00000000 00000000 00000000 00000000
00000000 00000000 00000000 00000000
00000000 00000000 00000000 00000000
00000000 00000000 00000000 00000000
00000000 00000000 00000000 00000000
00000000 00000000 00000000 00000000
00000000 00000000 00000000 00000000
00000000 00000000 00000000 00000000
00000000 00000000 00000000 00000000
00000000 00000000 00000000 00000000
00000000 00000000 00000000 00000000
00000000 00000000 00000000 00000000
00000000 00000000 00000000 00000000
00000000 00000000 00000000 00000000
00000000 00000000 00000000 00000000
00000000 00000000 00000000 00000000
00000000 00011010 10000100 10111000
00000000 00000000 00000000 00010011
00000000 00000000 00000011 11101110
00000000 00000000 00000000 00001111
00000000 00000000 00100001 11000001
00000000 00000000 01101101 11010101
00000000 00000000 00000000 00001101
00000000 00000000 00010001 10110111
00000000 00000001 00001100 11101001
00000000 00000001 00001100 11111110
00000000 00000000 00000001 11010100
00000000 00000000 00000001 11101011
00000000 00000010 01001101 11111000
00000000 00000000 10001110 01000001
00000000 00000001 01000001 10111101
00000000 00000000 00101111 10111100
00000000 00000011 00110000 01000101
00000000 00000001 01110000 01111000
00000000 00000001 10101111 00101110
00000000 00000000 10110110 01111100
00000000 00000000 10101110 00000011
00000000 00000000 10101111 11010111
00000000 00000000 10100101 10100001
00000000 00000000 11010101 01100001
00000000 00000000 10101011 11011110
00000000 00000000 10100010 11011101
00000000 00000001 00111111 10010001
00000000 00000000 01100010 01101111
00000000 00000000 00000000 00000000
00000000 00000000 10000101 01101010
00000000 00000000 00000000 00000000
00000000 00000000 00000000 00100110
00000000 00000000 00000001 11011111
00000000 00000000 11001010 10001110
00000000 00000000 01001010 01001100
00000000 00000000 10011101 00011011
00000000 00000000 01101101 00101010
00000000 00000000 01100001 00000001
00000000 00000000 01000000 01101001
00000000 00000000 01001001 10110010
00000000 00000000 00101011 01010100
00000000 00000000 10011010 11001001
00000000 00000000 00100101 10111110
00000000 00000000 00101010 11101110
00000000 00000000 01000100 11010011
00000000 00000000 01110100 10111101
00000000 00000000 01111101 10111111
00000000 00000000 01010000 10001100
00000000 00000000 10000010 11001111
00000000 00000000 00000011 11001001
00000000 00000000 01001011 00100101
00000000 00000000 10110000 10110000
00000000 00000000 01011101 01111111
00000000 00000000 01010100 10100110
00000000 00000000 00011010 10110100
00000000 00000000 00110001 11110010
00000000 00000000 00000100 00111011
00000000 00000000 00001010 11111001
00000000 00000000 00001100 10001101
00000000 00000000 00010110 00110011
00000000 00000000 00000000 00000000
00000000 00000000 00010110 00101111
00000000 00000000 00000000 00100101
00000000 00000000 00000000 00000000
00000000 00000000 00000000 00000000
00000000 00001000 01011001 00000001
00000000 00000001 01100101 10010011
00000000 00000011 00000010 01011101
00000000 00000010 11111000 10101100
00000000 00001010 00111011 11100111
00000000 00000001 10001100 01011101
00000000 00000001 10001100 11100110
00000000 00000010 01000111 11110111
00000000 00000110 11110000 01100100
00000000 00000000 00011010 11100011
00000000 00000000 10000011 11110111
00000000 00000100 01000110 00011000
00000000 00000010 10011100 00100001
00000000 00000110 11011001 11011001
00000000 00000110 01110010 01100011
00000000 00000001 11010010 01010111
00000000 00000000 00011100 10011011
00000000 00000110 00111010 01010001
00000000 00000101 01100010 10010000
00000000 00000110 11111110 01001101
00000000 00000010 10001111 10000000
00000000 00000000 11101111 00110101
00000000 00000000 10110010 00111110
00000000 00000000 00110111 10011011
00000000 00000001 01110001 00010001
00000000 00000000 00110010 01011011
00000000 00000000 00000000 00000000
00000000 00000000 00000000 00000010
00000000 00000000 00000000 00000000
00000000 00000000 00000000 00000000
00000000 00000000 00000000 00000000
00000000 00000000 00000000 00000000
00000000 00000000 00000000 00000000
00000000 00000000 00000000 00000000
00000000 00000000 00000000 00000000
00000000 00000000 00000000 00000000
00000000 00000000 00000000 00000000
00000000 00000000 00000000 00000000
00000000 00000000 00000000 00000000
00000000 00000000 00000000 00000000
00000000 00000000 00000000 00000000
00000000 00000000 00000000 00000000
00000000 00000000 00000000 00000000
00000000 00000000 00000000 00000000
00000000 00000000 00000000 00000000
00000000 00000000 00000000 00000000
00000000 00000000 00000000 00000000
00000000 00000000 00000000 00000000
00000000 00000000 00000000 00000000
00000000 00000000 00000000 00000000
00000000 00000000 00000000 00000000
00000000 00000000 00000000 00000000
00000000 00000000 00000000 00000000
00000000 00000000 00000000 00000000
00000000 00000000 00000000 00000000
00000000 00000000 00000000 00000000
00000000 00000000 00000000 00000000
00000000 00000000 00000000 00000000
00000000 00000000 00000000 00000000
00000000 00000000 00000000 00000000
00000000 00000000 00000000 00000000
00000000 00000000 00000000 00000000
00000000 00000000 00000000 00000000
00000000 00000000 00000000 00000000
00000000 00000000 00000000 00000000
00000000 00000000 00000000 00000000
00000000 00000000 00000000 00000000
00000000 00000000 00000000 00000000
00000000 00000000 00000000 00000000
00000000 00000000 00000000 00000000
00000000 00000000 00000000 00000000
00000000 00000000 00000000 00000000
00000000 00000000 00000000 00000000
00000000 00000000 00000000 00000000
00000000 00000000 00000000 00000000
00000000 00000000 00000000 00000000
00000000 00000000 00000000 00000000
00000000 00000000 00000000 00000000
00000000 00000000 00000000 00000000
00000000 00000000 00000000 00000010
00000000 00000000 00000000 00000000
00000000 00000000 00000000 00000000
00000000 00000000 00000000 00000000
00000000 00000000 00000000 00000000
00000000 00000000 00000000 00000000
00000000 00000000 00000000 00000000
00000000 00000000 00000000 00000000
00000000 00000000 00000000 00000000
00000000 00000000 00000000 00000000
00000000 00000000 00000000 00000000
00000000 00000000 00000000 00000000
00000000 00000000 00000000 00000000
00000000 00000000 00000000 00000000
00000000 00000000 00000000 00000000
00000000 00000000 00000000 00000000
00000000 00000000 00000000 00000000
00000000 00000000 00000000 00000000
00000000 00000000 00000000 00000000
00000000 00000000 00000000 00000000
00000000 00000000 00000000 00000000
00000000 00000000 00000000 00000000
00000000 00000000 00000000 00000000
00000000 00000000 00000000 00000000
00000000 00000000 00000000 00000010
00000000 00000000 00000000 00000010
00000000 00000000 00000000 00000000
00000000 00000000 00000000 00000000
00000000 00000000 00000000 00000000
00000000 00000000 00000000 00000000
00000000 00000000 00000000 00000000
00000000 00000000 00000000 00000000
00000000 00000000 00000000 00000000
00000000 00000000 00000000 00000000
00000000 00000000 00000000 00000000
00000000 00000000 00000000 00000000
00000000 00000000 00000000 00000000
00000000 00000000 00000000 00000000
00000000 00000000 00000000 00000000
00000000 00000000 00000000 00000000
00000000 00000000 00000000 00000000
00000000 00000000 00000000 00000000
00000000 00000000 00000000 00000000
00000000 00000000 00000000 00000000
00000000 00000000 00000000 00000000
00000000 00000000 00000000 00000000
00000000 00000000 00000000 00000000
00000000 00000000 00000000 00000000
00000000 00000000 00000000 00000001
00000000 00000000 00000000 00001000
00000000 00000000 00000000 00000000
00000000 00000000 00000000 00000000
00000000 00000000 00000000 00000000
00000000 00000000 00000000 00000000
00000000 00000000 00000000 00000000
00000000 00000000 00000000 00000000
00000000 00000000 00000000 00000000
00000000 00000000 00000000 00000100
00000000 00000000 00000000 00000000
00000000 00000000 00000000 00000000
00000000 00000000 00000000 00000000
00000000 00000000 00000000 00000110
00000000 00000000 00000000 00000000
00000000 00000000 00000000 00000000
00000000 00000000 00000000 00000000
00000000 00000000 00000000 00000000
00000000 00000000 00000000 00000000
00000000 00000000 00000000 00000000
00000000 00000000 00000000 00000000
00000000 00000000 00000000 00000000
00000000 00000000 00000000 00000000
00000000 00000000 00000000 00000000
00000000 00000000 00000000 00000000
00000000 00000000 00000000 00000000
00000000 00000000 00000000 00000010
00000000 00000000 00000000 00000000
00000000 00000000 00000000 00000000
00000000 00000000 00000000 00000000
00000000 00000000 00000000 00000000
00000000 00000000 00000000 00000000